51.0
50.0
51.0
50.0
58.0
61.0
61.0
59.0
64.0
63.0
53.0
54.0
55.0
65.0
53.0
73.0
76.0
73.0
80.0
79.0
83.0
88.0
89.0
97.0
99.0
92.0
86.0
85.0
88.0
91.0
97.0
97.0
95.0
92.0
91.0
100.0
94.0
98.0
95.0
92.0
90.0
87.0
84.0
84.0
78.0
76.0
76.0
68.0
68.0
66.0
58.0
55.0
56.0
53.0
56.0
46.0
44.0
41.0
41.0
41.0
36.0
36.0
36.0
35.0
35.0
35.0
34.0
33.0
34.0
36.0
36.0
36.0
40.0
39.0
39.0
46.0
46.0
44.0
51.0
52.0
52.0
51.0
94.0
91.0
93.0
84.0
80.0
79.0
75.0
73.0
73.0
64.0
61.0
61.0
55.0
55.0
54.0
47.0
47.0
47.0
41.0
41.0
42.0
37.0
37.0
36.0
34.0
35.0
35.0
34.0
33.0
34.0
35.0
35.0
36.0
39.0
37.0
38.0
45.0
45.0
44.0
50.0
51.0
51.0
